CALSOD
Frequenzgang EMM-6 32886
2
0.0
0.0
1.0
0
   20.00  -41.70    0.00
   20.55  -41.60    0.00
   21.11  -41.60    0.00
   21.69  -41.50    0.00
   22.29  -41.50    0.00
   22.90  -41.40    0.00
   23.53  -41.40    0.00
   24.18  -41.40    0.00
   24.84  -41.30    0.00
   25.52  -41.30    0.00
   26.22  -41.20    0.00
   26.94  -41.20    0.00
   27.68  -41.10    0.00
   28.44  -41.10    0.00
   29.22  -41.10    0.00
   30.03  -41.10    0.00
   30.85  -41.00    0.00
   31.70  -41.00    0.00
   32.57  -41.00    0.00
   33.46  -41.00    0.00
   34.38  -41.00    0.00
   35.33  -41.00    0.00
   36.30  -40.90    0.00
   37.29  -40.90    0.00
   38.32  -40.90    0.00
   39.37  -40.90    0.00
   40.45  -40.90    0.00
   41.56  -40.80    0.00
   42.70  -40.80    0.00
   43.87  -40.80    0.00
   45.08  -40.70    0.00
   46.32  -40.70    0.00
   47.59  -40.70    0.00
   48.90  -40.60    0.00
   50.24  -40.60    0.00
   51.62  -40.60    0.00
   53.03  -40.60    0.00
   54.49  -40.60    0.00
   55.99  -40.70    0.00
   57.52  -40.70    0.00
   59.10  -40.80    0.00
   60.73  -40.80    0.00
   62.39  -40.80    0.00
   64.11  -40.80    0.00
   65.87  -40.90    0.00
   67.68  -40.90    0.00
   69.54  -40.90    0.00
   71.44  -40.90    0.00
   73.41  -40.90    0.00
   75.42  -40.90    0.00
   77.49  -40.90    0.00
   79.62  -40.90    0.00
   81.81  -40.90    0.00
   84.05  -40.90    0.00
   86.36  -40.90    0.00
   88.73  -40.90    0.00
   91.17  -40.90    0.00
   93.67  -40.90    0.00
   96.25  -40.90    0.00
   98.89  -40.90    0.00
  101.60  -40.90    0.00
  104.39  -41.00    0.00
  107.26  -41.00    0.00
  110.21  -41.10    0.00
  113.23  -41.10    0.00
  116.34  -41.10    0.00
  119.54  -41.10    0.00
  122.82  -41.10    0.00
  126.19  -41.10    0.00
  129.66  -41.10    0.00
  133.22  -41.10    0.00
  136.87  -41.20    0.00
  140.63  -41.20    0.00
  144.50  -41.20    0.00
  148.46  -41.20    0.00
  152.54  -41.20    0.00
  156.73  -41.30    0.00
  161.03  -41.30    0.00
  165.45  -41.40    0.00
  170.00  -41.50    0.00
  174.67  -41.50    0.00
  179.46  -41.40    0.00
  184.39  -41.40    0.00
  189.45  -41.30    0.00
  194.65  -41.30    0.00
  200.00  -41.20    0.00
  205.49  -41.10    0.00
  211.13  -41.00    0.00
  216.93  -40.90    0.00
  222.89  -40.80    0.00
  229.01  -40.80    0.00
  235.30  -40.70    0.00
  241.76  -40.70    0.00
  248.40  -40.70    0.00
  255.22  -40.80    0.00
  262.23  -40.80    0.00
  269.43  -40.90    0.00
  276.83  -40.90    0.00
  284.43  -41.00    0.00
  292.24  -41.00    0.00
  300.26  -41.00    0.00
  308.51  -41.00    0.00
  316.98  -41.00    0.00
  325.68  -41.00    0.00
  334.63  -41.00    0.00
  343.81  -41.10    0.00
  353.26  -41.20    0.00
  362.96  -41.30    0.00
  372.92  -41.30    0.00
  383.16  -41.40    0.00
  393.68  -41.40    0.00
  404.49  -41.40    0.00
  415.60  -41.40    0.00
  427.01  -41.50    0.00
  438.74  -41.50    0.00
  450.79  -41.40    0.00
  463.17  -41.40    0.00
  475.88  -41.20    0.00
  488.95  -41.10    0.00
  502.38  -41.10    0.00
  516.17  -41.40    0.00
  530.35  -41.60    0.00
  544.91  -41.60    0.00
  559.87  -41.50    0.00
  575.25  -41.40    0.00
  591.04  -41.50    0.00
  607.27  -41.50    0.00
  623.95  -41.40    0.00
  641.08  -41.30    0.00
  658.68  -41.20    0.00
  676.77  -41.10    0.00
  695.35  -41.10    0.00
  714.45  -41.00    0.00
  734.07  -41.10    0.00
  754.22  -41.10    0.00
  774.94  -41.30    0.00
  796.21  -41.40    0.00
  818.08  -41.50    0.00
  840.54  -41.60    0.00
  863.62  -41.60    0.00
  887.34  -41.60    0.00
  911.70  -41.50    0.00
  936.74  -41.50    0.00
  962.46  -41.60    0.00
  988.89  -41.70    0.00
 1016.04  -41.80    0.00
 1043.94  -42.00    0.00
 1072.61  -42.10    0.00
 1102.06  -42.20    0.00
 1132.33  -42.20    0.00
 1163.42  -42.20    0.00
 1195.37  -42.20    0.00
 1228.19  -42.20    0.00
 1261.91  -42.20    0.00
 1296.57  -42.20    0.00
 1332.17  -42.30    0.00
 1368.75  -42.30    0.00
 1406.34  -42.40    0.00
 1444.95  -42.40    0.00
 1484.63  -42.50    0.00
 1525.40  -42.40    0.00
 1567.28  -42.40    0.00
 1610.32  -42.30    0.00
 1654.54  -42.20    0.00
 1699.97  -42.10    0.00
 1746.65  -42.00    0.00
 1794.61  -41.80    0.00
 1843.89  -41.60    0.00
 1894.53  -41.40    0.00
 1946.55  -41.30    0.00
 2000.00  -41.30    0.00
 2054.92  -41.50    0.00
 2111.35  -41.70    0.00
 2169.32  -41.90    0.00
 2228.89  -42.00    0.00
 2290.10  -42.10    0.00
 2352.98  -42.20    0.00
 2417.59  -42.10    0.00
 2483.98  -41.90    0.00
 2552.19  -41.80    0.00
 2622.27  -41.70    0.00
 2694.27  -41.80    0.00
 2768.26  -41.90    0.00
 2844.27  -41.90    0.00
 2922.37  -41.90    0.00
 3002.62  -41.70    0.00
 3085.07  -41.50    0.00
 3169.79  -41.20    0.00
 3256.83  -40.70    0.00
 3346.26  -40.10    0.00
 3438.14  -39.60    0.00
 3532.55  -39.40    0.00
 3629.56  -39.50    0.00
 3729.22  -39.90    0.00
 3831.62  -40.40    0.00
 3936.84  -40.80    0.00
 4044.94  -40.90    0.00
 4156.01  -40.90    0.00
 4270.14  -40.90    0.00
 4387.39  -41.00    0.00
 4507.87  -41.30    0.00
 4631.65  -41.50    0.00
 4758.83  -41.50    0.00
 4889.51  -41.40    0.00
 5023.77  -41.30    0.00
 5161.72  -41.20    0.00
 5303.46  -41.10    0.00
 5449.09  -41.00    0.00
 5598.72  -41.10    0.00
 5752.46  -41.20    0.00
 5910.42  -41.20    0.00
 6072.72  -41.20    0.00
 6239.47  -41.00    0.00
 6410.80  -40.60    0.00
 6586.84  -40.30    0.00
 6767.71  -40.00    0.00
 6953.55  -39.90    0.00
 7144.49  -39.50    0.00
 7340.67  -39.20    0.00
 7542.24  -39.20    0.00
 7749.35  -39.50    0.00
 7962.14  -39.70    0.00
 8180.78  -39.60    0.00
 8405.42  -39.50    0.00
 8636.23  -39.20    0.00
 8873.37  -39.10    0.00
 9117.03  -39.00    0.00
 9367.38  -39.00    0.00
 9624.61  -38.80    0.00
 9888.89  -38.60    0.00
10160.44  -38.80    0.00
10439.44  -39.00    0.00
10726.10  -38.70    0.00
11020.63  -38.50    0.00
11323.25  -38.90    0.00
11634.18  -39.50    0.00
11953.65  -39.10    0.00
12281.89  -38.50    0.00
12619.15  -39.10    0.00
12965.66  -39.40    0.00
13321.69  -38.80    0.00
13687.50  -38.70    0.00
14063.35  -39.00    0.00
14449.52  -39.30    0.00
14846.30  -39.00    0.00
15253.97  -39.20    0.00
15672.84  -39.20    0.00
16103.21  -39.20    0.00
16545.39  -39.60    0.00
16999.72  -39.50    0.00
17466.52  -39.50    0.00
17946.14  -39.20    0.00
18438.94  -39.00    0.00
18945.26  -38.70    0.00
19465.49  -38.20    0.00
20000.00  -38.20    0.00
